di	dj	step	trap	value
1	2	2015	(-23,-10)	2084
1	3	3722	(-18,42)	7081
1	4	13102	(-22,52)	10847
1	5	14569	(39,-81)	25963
1	6	26966	(-75,-5)	22421
1	7	101249	(165,225)	202891
1	8	158734	(-189,-17)	142679
1	9	132687	(251,-195)	252953
1	10	220438	(-73,217)	188501
1	11	144840	(-176,-254)	257479
1	12	646727	(-210,-389)	604328
1	13	350719	(71,-409)	667827
1	14	66182	(24,-120)	57217
1	15	75258	(-170,66)	115497
1	16	248763	(-241,-154)	231930
1	17	118693	(225,-155)	203331
1	18	307482	(266,172)	283651
1	19	238207	(-115,-327)	426851
1	20	189158	(-196,52)	153521
1	21	139638	(240,-178)	231299
1	22	183820	(51,-189)	142267
1	23	151015	(47,243)	236487
1	24	171075	(91,-194)	149872
1	25	114186	(-4,226)	204527
2	3	4633	(34,29)	4698
2	4	2015	(-46,-20)	8399
2	5	7573	(-6,41)	6760
2	6	3722	(-36,84)	28273
2	7	12216	(8,50)	10059
2	8	13102	(-44,104)	43325
2	9	33863	(-77,44)	23684
2	10	14569	(78,-162)	104413
2	11	52737	(94,-25)	35652
2	12	26966	(-150,-10)	89841
2	13	39905	(-81,40)	26204
2	14	101249	(330,450)	810781
2	15	54047	(-100,-33)	39868
2	16	158734	(-378,-34)	571125
2	17	116019	(-24,143)	81916
2	18	132687	(502,-390)	1009913
2	19	151814	(-102,174)	121177
2	20	220438	(-146,434)	753713
2	21	386285	(-132,283)	320508
2	22	144840	(-352,-508)	1031085
2	23	192417	(85,184)	135694
2	24	646727	(-420,-778)	2419223
2	25	671236	(-377,107)	568247
3	4	1887	(-10,17)	1164
3	5	1322	(-24,-12)	2269
3	6	2015	(-69,-30)	18946
3	7	4682	(-16,40)	6425
3	8	5973	(8,-31)	3744
3	9	3722	(-54,126)	63577
3	10	36231	(81,-58)	26546
3	11	19369	(-87,-11)	30179
3	12	13102	(-66,156)	97435
3	13	31990	(122,-46)	59949
3	14	32824	(-77,-15)	23625
3	15	14569	(117,-243)	235351
3	16	111774	(154,-30)	95357
3	17	52014	(134,-150)	89417
3	18	26966	(-225,-15)	202261
3	19	50448	(-64,-140)	78045
3	20	78736	(109,23)	47829
3	21	101249	(495,675)	1823671
3	22	168884	(45,179)	128389
3	23	98789	(-93,-183)	133501
3	24	158734	(-567,-51)	1285339
3	25	92234	(-16,190)	144575
4	5	4285	(40,21)	6500
4	6	4633	(68,58)	18643
4	7	9385	(-41,-22)	6662
4	8	2015	(-92,-40)	33725
4	9	8899	(-39,-6)	6040
4	10	7573	(-12,82)	26967
4	11	6354	(-7,29)	3387
4	12	3722	(-72,168)	112993
4	13	34163	(-24,-75)	22300
4	14	12216	(16,100)	40117
4	15	37405	(-91,-20)	33014
4	16	13102	(-88,208)	173177
4	17	60562	(-23,-89)	31441
4	18	33863	(-154,88)	94799
4	19	94956	(142,-76)	81159
4	20	14569	(156,-324)	418777
4	21	89588	(49,143)	81989
4	22	52737	(188,-50)	141991
4	23	112233	(-72,-147)	86068
4	24	26966	(-300,-20)	359681
4	25	56692	(-89,-67)	31529
5	6	1795	(17,6)	1202
5	7	1810	(14,-28)	3039
5	8	2757	(-4,19)	1460
5	9	6512	(-28,52)	10841
5	10	2015	(-115,-50)	52736
5	11	6424	(-10,40)	6431
5	12	37130	(89,27)	31925
5	13	12009	(65,39)	17057
5	14	19391	(-15,-56)	12392
5	15	3722	(-90,210)	176521
5	16	23770	(64,30)	16547
5	17	22197	(39,-99)	38869
5	18	64512	(80,-130)	67131
5	19	49741	(39,125)	62665
5	20	13102	(-110,260)	270551
5	21	57503	(-143,19)	81673
5	22	113112	(151,105)	91553
5	23	74103	(-157,61)	98501
5	24	86023	(34,129)	66728
5	25	14569	(195,-405)	654691
6	7	3486	(5,-19)	1383
6	8	1887	(-20,34)	4639
6	9	4633	(102,87)	41836
6	10	1322	(-48,-24)	9145
6	11	9712	(-17,41)	6749
6	12	2015	(-138,-60)	75979
6	13	10258	(39,13)	6189
6	14	4682	(-32,80)	25649
6	15	7573	(-18,123)	60622
6	16	5973	(16,-62)	15175
6	17	21376	(53,19)	11377
6	18	3722	(-108,252)	254161
6	19	63959	(21,92)	33970
6	20	36231	(162,-116)	105579
6	21	12216	(24,150)	90175
6	22	19369	(-174,-22)	120909
6	23	80724	(137,-43)	75531
6	24	13102	(-132,312)	389557
6	25	184428	(-149,201)	161657
7	8	3983	(-7,22)	1952
7	9	4504	(-34,50)	10017
7	10	9051	(22,-41)	6580
7	11	5319	(45,27)	8209
7	12	12586	(-13,45)	8133
7	13	9549	(-61,-41)	14783
7	14	2015	(-161,-70)	103454
7	15	5707	(47,19)	8959
7	16	20420	(-19,43)	7421
7	17	7038	(-12,-36)	5089
7	18	19191	(-58,-23)	13376
7	19	19641	(75,-33)	22759
7	20	48192	(-93,-41)	34463
7	21	3722	(-126,294)	345913
7	22	55432	(-36,94)	35403
7	23	20910	(-18,84)	28291
7	24	120809	(-155,60)	96006
7	25	11364	(66,46)	17577
8	9	7795	(-40,-23)	6338
8	10	4285	(80,42)	25799
8	11	6129	(-2,23)	2138
8	12	4633	(136,116)	74277
8	13	11777	(-34,-9)	4582
8	14	9385	(-82,-44)	26771
8	15	20866	(-58,-30)	13369
8	16	2015	(-184,-80)	135161
8	17	11450	(18,-56)	12359
8	18	8899	(-78,-12)	24247
8	19	26668	(-31,69)	19083
8	20	7573	(-24,164)	107725
8	21	52172	(-105,-73)	43923
8	22	6354	(-14,58)	13501
8	23	47329	(61,-86)	29266
8	24	3722	(-144,336)	451777
8	25	32225	(-6,77)	23788
9	10	5678	(2,-22)	1869
9	11	3625	(25,5)	2571
9	12	1887	(-30,51)	10426
9	13	4393	(9,-35)	4787
9	14	7772	(-28,-4)	3105
9	15	1322	(-72,-36)	20629
9	16	29207	(4,-71)	19948
9	17	14529	(65,39)	17057
9	18	2015	(-207,-90)	171100
9	19	9997	(-5,53)	11285
9	20	24289	(-75,-34)	22392
9	21	4682	(-48,120)	57673
9	22	39808	(89,23)	31929
9	23	9897	(19,-61)	14683
9	24	5973	(24,-93)	34294
9	25	30271	(-29,115)	52987
10	11	5960	(9,-31)	3743
10	12	1795	(34,12)	4715
10	13	14551	(-5,36)	5216
10	14	1810	(28,-56)	12349
10	15	4633	(170,145)	115966
10	16	2757	(-8,38)	5807
10	17	20484	(-56,22)	12511
10	18	6512	(-56,104)	43313
10	19	28667	(22,73)	21412
10	20	2015	(-230,-100)	211271
10	21	21999	(19,-58)	13264
10	22	6424	(-20,80)	25661
10	23	11822	(-16,56)	12585
10	24	37130	(178,54)	127217
10	25	7573	(-30,205)	168276
11	12	7559	(36,13)	5280
11	13	6312	(26,-52)	10635
11	14	14752	(28,-54)	11475
11	15	6262	(42,16)	7167
11	16	14389	(-5,42)	7094
11	17	8265	(9,-41)	6593
11	18	19957	(-2,37)	5512
11	19	17550	(82,48)	27095
11	20	30683	(81,38)	26450
11	21	11274	(20,-72)	20501
11	22	2015	(-253,-110)	255674
11	23	17151	(83,33)	27773
11	24	34563	(-29,74)	21950
11	25	19995	(79,57)	25145
12	13	7747	(-5,30)	3626
12	14	3486	(10,-38)	5653
12	15	4285	(120,63)	57898
12	16	1887	(-40,68)	18525
12	17	9683	(1,32)	4130
12	18	4633	(204,174)	166903
12	19	18400	(-16,52)	10853
12	20	1322	(-96,-48)	36721
12	21	9385	(-123,-66)	60328
12	22	9712	(-34,82)	26945
12	23	18698	(-66,-6)	17353
12	24	2015	(-276,-120)	304309
12	25	40712	(72,-2)	20955
13	14	9645	(1,-34)	4522
13	15	10055	(59,31)	14071
13	16	15813	(-42,-13)	7002
13	17	7386	(16,-50)	9835
13	18	27981	(-44,75)	22532
13	19	6582	(-2,36)	5219
13	20	30574	(-63,-23)	15791
13	21	11582	(-16,52)	10853
13	22	23915	(51,12)	10546
13	23	25891	(-59,95)	36137
13	24	25388	(-20,64)	16429
13	25	32585	(-45,83)	27595
14	15	17576	(30,-60)	14191
14	16	3983	(-14,44)	7775
14	17	21149	(47,16)	8962
14	18	4504	(-68,100)	40033
14	19	15728	(-6,42)	7093
14	20	9051	(44,-82)	26607
14	21	4633	(238,203)	227088
14	22	5319	(90,54)	32617
14	23	22234	(-56,-14)	12475
14	24	12586	(-26,90)	32465
14	25	44276	(-81,-33)	26131
15	16	13022	(14,-46)	8313
15	17	11454	(80,48)	25793
15	18	1795	(51,18)	10540
15	19	11241	(-51,15)	10369
15	20	1887	(-50,85)	28936
15	21	1810	(42,-84)	27931
15	22	16735	(0,-41)	6602
15	23	11751	(-53,-11)	11173
15	24	2757	(-12,57)	13042
15	25	1322	(-120,-60)	57421
16	17	23987	(-44,77)	23750
16	18	7795	(-80,-46)	25475
16	19	16055	(-13,48)	9252
16	20	4285	(160,84)	102797
16	21	27363	(62,21)	15542
16	22	6129	(-4,46)	8507
16	23	17612	(-1,-43)	7269
16	24	4633	(272,232)	296521
16	25	47388	(96,52)	37101
17	18	19619	(-17,52)	10852
17	19	5282	(54,18)	11809
17	20	16281	(-53,-14)	11170
17	21	8067	(-55,-15)	12031
17	22	27153	(57,14)	13154
17	23	9090	(-12,56)	12589
17	24	19972	(4,52)	10873
17	25	17462	(-16,62)	15423
18	19	14360	(1,-39)	5967
18	20	5678	(4,-44)	7609
18	21	3486	(15,-57)	12811
18	22	3625	(50,10)	10141
18	23	27429	(-55,-10)	12036
18	24	1887	(-60,102)	41659
18	25	32750	(-23,69)	19091
19	20	20974	(1,-41)	6601
19	21	7576	(-42,-2)	7013
19	22	24485	(2,-45)	7964
19	23	9827	(-7,49)	9647
19	24	23132	(4,-48)	9069
19	25	11378	(18,-68)	18275
20	21	25730	(2,-64)	16191
20	22	5960	(18,-62)	15173
20	23	23043	(-52,-7)	10758
20	24	1795	(68,24)	18677
20	25	4285	(200,105)	160496
21	22	40502	(78,0)	24571
21	23	10867	(-67,-23)	17867
21	24	3983	(-21,66)	17470
21	25	10308	(2,-50)	9849
22	23	31216	(46,-92)	33535
22	24	7559	(72,26)	20927
22	25	22460	(-3,51)	10453
23	24	39467	(72,-25)	20978
23	25	17888	(-20,68)	18545
24	25	44025	(73,-16)	21552
